Modelo = 559
CarroX = 1668.99011230
CarroY = -1707.65515136
CarroZ = 15.60937500
CarroA = 3.52119922
cor1 = 1
cor2 = 1
Dono = Jackson_xP
Descricao = Concessionaria
Valor = 10000
Licence = 0
TemDono = 1
Trancado = 0
Grana = 19700
Entrada = 1000
Date = 11
OCarroX = 1668.99011230
OCarroY = -1707.65515136
OCarroZ = 15.60937500
OCarroA = 3.52119922
