name = Estacao Unity
dono = 1
color = -2072969323
minx = 1692.59997558
miny = -2018.92004394
maxx = 1812.59997558
maxy = -1842.19995117
