name = Pista de Skate
dono = 1
color = -2072969323
minx = 1812.59997558
miny = -1449.59997558
maxx = 1996.90002441
maxy = -1350.69995117
