name = Navio de Cargas
dono = 0
color = -1431655766
minx = 721.47998046
miny = -2263.62011718
maxx = 985.47998046
maxy = -2173.19995117
