name = Estacao Unity
dono = 0
color = -1431655766
minx = 1692.59997558
miny = -2018.92004394
maxx = 1812.59997558
maxy = -1842.19995117
