name = Avispa Country Club B
dono = 0
color = -1431655766
minx = -2831.80004882
miny = -430.20001220
maxx = -2646.39990234
maxy = -222.50000000
