name = Cemiterio
dono = 1
color = -2072969323
minx = 787.40002441
miny = -1130.80004882
maxx = 945.70001220
maxy = -1056.01000976
