TemDono = 0
EX = -1100.47412109
EY = -1636.36083984
EZ = 76.36718750
Level = 9
Preco = 5000000
CustoEntrada = 5000
Till = 3537620
Locked = 1
Produtos = -1
MaxProdutos = 200000
PrecoProdutos = 1000
ProdutosRequeridos = 0
Dono = The State
Extorcao = Ninguém
Descricao = Fazenda 3
Veiculo1 = 411
1color1 = -1
1color2 = -1
Carro1x = -1090.37341308
Carro1y = -1616.27026367
Carro1z = 76.10384368
Carro1a = 272.36630249
Veiculo2 = 411
2color1 = -1
2color2 = -1
Carro2x = -1090.16723632
Carro2y = -1621.07873535
Carro2z = 76.01529693
Carro2a = 274.09576416
