TemDono = 0
EX = -1061.00744628
EY = -1205.62780761
EZ = 129.70137023
Level = 6
Preco = 5000000
CustoEntrada = 5000
Till = 3518499
Locked = 1
Produtos = -1
MaxProdutos = 200000
PrecoProdutos = 1000
ProdutosRequeridos = 0
Dono = The State
Extorcao = Ninguém
Descricao = Fazenda 4
Veiculo1 = 411
1color1 = -1
1color2 = -1
Carro1x = -1056.14685058
Carro1y = -1203.58435058
Carro1z = 128.81060791
Carro1a = 271.19818115
Veiculo2 = 411
2color1 = -1
2color2 = -1
Carro2x = -1056.88415527
Carro2y = -1199.14501953
Carro2z = 128.86978149
Carro2a = 269.32284545
