TemDono = 0
EX = -1438.62402343
EY = -1544.80102539
EZ = 102.25781250
Level = 6
Preco = 5000000
CustoEntrada = 5000
Till = 3537620
Locked = 1
Produtos = -1
MaxProdutos = 200000
PrecoProdutos = 1000
ProdutosRequeridos = 0
Dono = The State
Extorcao = Ninguém
Descricao = Fazenda 2
Veiculo1 = 411
1color1 = -1
1color2 = -1
Carro1x = -1439.82922363
Carro1y = -1536.05114746
Carro1z = 101.50093841
Carro1a = 2.99790477
Veiculo2 = 411
2color1 = -1
2color2 = -1
Carro2x = -1444.12963867
Carro2y = -1536.13562011
Carro2z = 101.50189971
Carro2a = 0.67810839
