TemDono = 0
EX = 0.00000000
EY = 0.00000000
EZ = 0.00000000
Level = 7
Preco = 5000000
CustoEntrada = 5000
Till = 67956969
Locked = 1
Produtos = -2
MaxProdutos = 200000
PrecoProdutos = 1000
ProdutosRequeridos = 0
Dono = The State
Descricao = Fazenda 20
Extorcao = Ninguém
Veiculo1 = 0
1color1 = 0
1color2 = 0
Carro1x = 0.00000000
Carro1y = 0.00000000
Carro1z = 0.00000000
Carro1a = 0.00000000
Veiculo2 = 0
2color1 = 0
2color2 = 0
Carro2x = 0.00000000
Carro2y = 0.00000000
Carro2z = 0.00000000
Carro2a = 0.00000000
