TemDono = 0
EX = -347.91363525
EY = -1045.84362792
EZ = 59.81250000
Level = 11
Preco = 5000000
CustoEntrada = 5000
Till = 69869467
Locked = 1
Produtos = -1
MaxProdutos = 200000
PrecoProdutos = 1000
ProdutosRequeridos = 0
Dono = The State
Descricao = Fazenda 11
Extorcao = Ninguém
Veiculo1 = 411
1color1 = -1
1color2 = -1
Carro1x = -348.43206787
Carro1y = -1052.94738769
Carro1z = 59.04572296
Carro1a = 179.99948120
Veiculo2 = 411
2color1 = -1
2color2 = -1
Carro2x = -343.48175048
Carro2y = -1053.05590820
Carro2z = 58.91307830
Carro2a = 176.86402893
