TemDono = 0
EX = 1536.61547851
EY = 16.69131469
EZ = 24.14062500
Level = 13
Preco = 5000000
CustoEntrada = 5000
Till = 69869467
Locked = 1
Produtos = -1
MaxProdutos = 200000
PrecoProdutos = 1000
ProdutosRequeridos = 0
Dono = The State
Extorcao = Ninguém
Descricao = Fazenda 8
Veiculo1 = 411
1color1 = -1
1color2 = -1
Carro1x = 1534.25927734
Carro1y = 10.96874237
Carro1z = 23.78333854
Carro1a = 109.57881927
Veiculo2 = 411
2color1 = -1
2color2 = -1
Carro2x = 1535.72851562
Carro2y = 6.92317724
Carro2z = 23.45822334
Carro2a = 106.75767517
