TemDono = 0
EX = -283.07662963
EY = -2174.36401367
EZ = 28.66117858
Level = 10
Preco = 5000000
CustoEntrada = 5000
Till = 3537619
Locked = 0
Produtos = -1
MaxProdutos = 200000
PrecoProdutos = 1000
ProdutosRequeridos = 0
Dono = The State
Extorcao = Ninguém
Descricao = Fazenda 1
Veiculo1 = 411
1color1 = -1
1color2 = -1
Carro1x = -274.84030151
Carro1y = -2183.07470703
Carro1z = 28.44448280
Carro1a = 111.35642242
Veiculo2 = 411
2color1 = -1
2color2 = -1
Carro2x = -276.05700683
Carro2y = -2179.92211914
Carro2z = 28.44925880
Carro2a = 109.07401275
